10 6  0 0
0 0 252 188 188 242 169 109 85 143 187 191 164 25 222 255 72 27 129 215 237 16 58 111 219 51 219 211 85 127 192 112 134 34  0
0 0 93 125 221 103 180 14 111 184 112 234 255 76 215 115 153 115 22 196 124 110 233 240 249 46 237 239 101 20 104 243 66 33  0
0 0 58 185 58 250 93 221 82 239 143 13 252 9 46 221 102 16 200 187 215 80 78 43 250 245 251 221 0 123 83 14 238 202  0
0 0 193 156 191 245 160 238 61 55 190 251 86 116 253 55 128 123 167 119 127 8 177 220 179 103 205 255 126 192 136 192 129 121  0
0 0 61 101 105 111 84 95 79 248 85 224 253 10 83 89 157 48 88 204 22 234 201 178 125 190 119 205 165 52 119 187 82 224  0
0 0 10 188 178 154 255 245 184 199 159 95 92 183 172 254 102 204 239 59 191 145 182 75 178 243 31 87 158 235 150 76 173 223  0
0 0 27 223 99 205 118 146 239 117 93 72 94 230 121 206 182 100 126 171 23 237 197 184 37 255 54 109 170 128 63 142 113 253  0
0 0 222 95 254 254 47 86 127 248 189 206 214 167 111 255 55 83 254 245 255 231 236 199 171 238 243 251 239 147 39 247 45 83  0
0 0 111 180 240 83 253 127 254 218 123 255 61 60 202 252 223 190 159 206 247 30 183 114 255 242 63 95 85 255 199 255 222 247  0
0 0 2 205 6 159 220 131 174 239 30 1 218 2 224 234 48 64 121 235 59 193 114 187 11 255 60 38 143 64 21 90 177 136  0
1 0 244 52 157 119 168 111 85 154 178 187 167 24 215 115 73 27 129 214 108 58 56 101 219 2 201 243 117 60 192 113 198 34  0
1 0 236 180 188 250 173 109 81 155 219 127 181 24 222 253 74 59 201 211 253 16 58 103 251 147 219 219 85 127 210 73 198 114  0
1 0 120 189 188 242 169 237 85 207 187 191 172 25 190 247 64 26 129 243 237 16 26 75 218 51 251 215 85 123 192 80 134 43  0
1 0 220 180 188 246 169 108 85 154 187 255 183 57 223 255 75 27 135 215 253 18 58 71 251 34 219 243 117 255 130 113 135 115  0
1 0 232 172 180 116 205 253 84 143 251 183 164 24 170 185 70 191 137 246 232 16 62 111 250 179 219 219 85 127 194 92 206 14  0
1 0 216 188 156 244 169 236 17 7 186 191 166 25 191 183 64 91 129 119 237 16 58 77 211 35 219 243 94 91 128 64 135 43  0
1 0 124 177 185 98 153 109 87 152 99 189 173 8 215 245 73 50 153 214 108 122 26 99 251 48 251 221 5 125 194 123 198 34  0
1 0 196 172 148 191 137 237 20 175 190 179 138 25 230 242 72 91 129 119 104 16 50 77 219 115 173 182 95 127 128 112 135 10  0
1 0 198 180 148 242 233 109 180 202 187 187 177 25 206 255 77 27 167 87 255 19 50 103 218 242 157 210 95 127 192 113 135 131  0
1 0 194 172 148 186 137 237 20 207 191 55 128 25 174 250 76 155 129 115 233 17 54 79 218 243 153 210 95 123 144 84 143 14  0
11 0 212 52 157 247 136 110 85 154 178 191 167 24 215 119 73 91 129 215 109 50 56 69 219 34 217 227 117 20 160 113 135 34  0
11 0 252 120 189 116 8 76 85 152 162 182 166 24 215 247 65 27 129 212 108 106 104 103 251 0 209 227 117 61 96 113 70 34  0
11 0 244 36 188 118 141 111 85 170 178 182 167 25 211 121 73 27 217 212 109 34 40 103 219 10 219 227 85 61 224 121 86 2  0
11 0 252 52 156 119 169 47 84 154 187 187 167 24 223 115 73 27 145 214 108 58 56 101 219 34 219 251 117 52 194 241 194 3  0
11 0 100 160 157 113 168 109 81 155 186 187 163 24 215 51 72 27 129 86 108 24 58 108 219 16 205 211 117 124 192 96 198 34  0
11 0 244 32 156 53 140 47 68 136 250 178 163 24 215 97 73 27 137 196 104 50 40 103 219 0 157 146 85 60 192 121 66 2  0
11 0 244 112 157 116 168 107 85 152 162 190 167 56 215 247 73 27 131 212 108 114 40 71 203 0 217 195 101 61 224 113 6 35  0
11 0 228 164 157 255 140 111 71 175 22 179 161 24 215 113 73 27 217 214 104 58 58 102 219 51 237 135 117 124 208 121 198 34  0
11 0 236 180 189 115 168 111 85 155 122 187 167 24 215 119 73 59 129 86 108 58 57 100 251 2 207 219 117 116 192 113 198 34  0
11 0 244 124 157 118 137 108 85 182 250 186 166 24 246 243 65 59 129 118 108 10 105 101 251 42 249 251 85 56 192 113 198 42  0
21 0 212 52 189 244 136 110 85 154 178 191 167 24 215 119 73 91 129 213 109 50 56 69 251 2 217 227 117 53 160 113 6 98  0
21 0 212 36 157 246 136 110 85 139 178 183 163 24 215 115 73 91 129 215 108 50 56 69 219 34 217 227 85 21 160 113 135 34  0
21 0 212 140 157 247 136 110 85 191 180 182 166 24 247 119 8 91 129 215 109 34 120 205 219 47 249 227 117 21 160 112 132 42  0
21 0 212 108 157 181 138 106 21 138 182 182 130 25 215 119 65 91 163 213 109 34 40 69 203 2 217 227 127 21 160 113 5 34  0
21 0 220 180 157 247 136 110 85 191 178 187 167 24 215 119 72 123 129 214 109 40 57 77 251 2 201 227 117 20 160 112 135 50  0
21 0 212 52 157 247 168 110 85 154 186 187 163 24 215 119 73 91 129 87 109 50 56 69 219 34 201 227 117 52 128 113 135 35  0
21 0 212 4 156 183 136 46 84 138 182 179 131 17 215 115 73 91 129 71 109 51 56 69 219 2 201 227 127 20 128 113 129 2  0
21 0 220 52 157 246 136 108 85 154 178 183 167 24 215 247 73 91 129 214 109 26 56 71 251 34 217 227 117 61 160 113 134 34  0
21 0 212 253 157 246 136 110 87 188 178 182 175 24 215 119 73 91 145 215 109 98 120 69 219 42 249 227 101 28 160 115 134 34  0
21 0 212 84 157 247 168 110 85 152 182 186 135 24 215 119 73 91 129 85 125 34 40 69 251 32 201 227 119 20 128 113 5 34  0
31 0 212 52 57 248 136 111 85 90 54 46 165 24 215 119 9 121 209 153 93 34 41 71 121 30 209 163 113 60 176 113 38 114  0
31 0 212 48 189 244 8 108 81 26 162 191 167 24 215 55 73 91 129 213 109 16 40 69 251 0 217 227 113 61 160 97 6 98  0
31 0 212 52 189 246 136 110 85 154 178 191 167 24 215 119 73 91 129 213 109 50 56 69 251 2 217 227 117 53 160 113 6 98  0
31 0 220 52 189 247 168 110 85 152 178 190 167 24 215 119 73 91 133 213 125 50 40 69 251 2 219 227 117 21 160 241 6 115  0
31 0 212 52 189 244 136 110 85 152 178 254 167 24 215 119 73 123 129 213 125 58 41 69 251 0 217 235 117 52 160 113 6 114  0
31 0 212 52 156 180 136 110 85 154 178 190 166 25 215 55 67 91 129 213 109 34 40 69 219 2 217 227 117 53 160 113 6 114  0
31 0 92 52 189 225 168 110 81 154 50 191 175 24 215 55 73 90 145 213 109 48 56 69 249 2 217 231 117 117 160 225 6 98  0
31 0 220 32 189 229 168 110 81 26 162 191 167 24 215 55 73 91 129 212 125 56 56 69 241 0 219 235 113 84 160 225 70 98  0
31 0 212 52 191 244 136 110 17 138 182 183 135 17 215 247 73 91 161 117 105 50 56 197 187 2 217 227 127 21 128 113 5 98  0
31 0 220 20 189 245 8 110 81 24 176 190 167 25 215 119 9 91 129 213 109 34 56 197 251 2 211 227 113 21 160 97 6 114  0
41 1 61 4 143 236 137 103 77 73 49 175 228 24 95 119 41 57 248 141 85 172 56 199 113 10 145 251 208 28 163 113 166 98  8.31226
41 1 212 52 57 232 24 108 83 26 38 14 173 24 151 215 72 88 81 157 109 178 43 7 251 23 209 161 33 124 48 131 38 114  7.39597
41 1 212 52 57 252 8 239 85 123 188 238 225 24 247 247 33 25 149 185 93 34 57 71 114 31 209 227 115 56 208 97 7 115  7.50133
41 1 212 52 185 234 136 103 19 216 54 55 161 24 215 247 73 90 213 221 125 50 43 71 219 18 217 135 107 60 176 99 39 114  7.61911
41 1 180 116 57 248 200 111 87 222 48 46 164 24 23 23 1 121 89 216 77 42 41 71 121 50 241 135 117 60 176 209 134 114  8.08911
41 1 92 4 60 252 170 111 29 9 164 150 133 24 215 119 27 123 49 177 93 43 56 67 126 28 209 227 107 56 176 115 135 98  8.59994
41 1 119 54 141 173 168 47 13 27 54 127 145 253 199 102 138 31 95 141 108 165 189 66 239 24 144 242 249 188 156 244 130 85  9.69855
41 1 248 60 125 108 136 102 89 190 113 142 172 16 91 63 1 59 93 215 125 232 185 78 241 46 219 255 241 28 227 241 38 123  9.69855
41 1 212 20 29 248 139 103 87 218 54 58 164 16 86 119 41 121 213 153 24 162 41 71 121 30 209 198 83 62 176 113 38 51  7.75264
41 1 180 20 125 250 194 99 87 222 16 55 229 58 87 119 41 25 91 219 21 162 40 214 120 42 209 131 244 53 176 121 164 242  8.59994
42 1 208 48 189 244 168 108 85 31 162 191 166 24 215 55 65 91 129 215 109 16 40 77 243 0 217 227 117 61 160 112 134 107  6.23282
42 1 86 112 133 180 137 38 64 8 167 186 163 73 194 83 73 95 224 213 109 178 8 71 219 192 145 242 211 22 162 113 34 6  9.69855
42 1 208 48 189 245 8 110 81 18 182 191 167 24 215 55 64 91 129 149 109 16 40 197 243 0 217 227 113 21 160 32 6 98  5.55542
42 1 208 52 59 236 8 109 83 24 166 172 143 24 215 215 72 82 144 213 109 48 10 69 251 23 209 165 33 60 32 3 7 98  7.50133
42 1 68 20 185 248 40 108 81 27 38 143 79 9 215 247 73 90 209 21 61 24 8 2 251 0 197 167 115 13 144 98 4 114  9.00541
42 1 212 52 157 244 8 108 81 26 178 187 163 24 215 183 65 91 129 213 109 16 40 69 211 2 217 227 113 60 160 97 6 34  5.69122
42 1 212 48 189 116 8 108 81 26 178 191 167 24 215 183 73 91 129 213 109 18 40 69 251 0 209 227 113 61 160 113 6 98  5.34184
42 1 80 48 157 228 8 78 81 24 162 189 167 8 215 55 72 91 0 212 109 48 8 65 211 0 217 163 97 52 160 32 6 98  6.60751
42 1 212 48 189 246 8 108 81 24 162 183 167 24 215 119 73 91 129 213 109 18 40 69 251 0 217 227 113 61 160 97 6 98  5.18769
42 1 212 48 189 112 136 108 81 10 162 183 167 24 215 55 73 27 129 213 109 16 56 69 251 0 217 195 117 125 224 97 7 98  5.20992
43 1 212 52 189 247 136 110 85 154 178 183 167 24 215 119 73 91 129 212 109 58 56 69 251 2 217 227 117 53 160 113 6 98  4.45681
43 1 246 38 236 183 160 107 93 143 18 191 47 185 87 102 73 27 189 215 117 51 56 212 201 42 249 131 253 181 165 121 150 99  7.75264
43 1 252 52 156 116 137 110 85 139 178 183 167 25 215 119 75 27 129 213 237 50 56 69 251 2 219 227 117 53 224 113 134 98  5.26774
43 1 212 52 189 246 136 110 85 154 178 191 167 24 215 119 73 91 129 215 109 50 56 69 251 2 217 227 117 61 160 113 134 98  4.38043
43 1 212 52 189 117 168 110 85 154 178 191 167 24 215 119 73 27 129 212 109 18 56 69 251 2 217 195 117 53 224 113 6 35  5.6555
43 1 84 60 159 252 138 110 87 170 179 190 174 8 86 247 1 122 33 245 121 34 56 195 179 106 217 166 85 23 160 113 38 98  7.75264
43 1 220 20 189 247 140 110 85 154 178 191 167 24 215 119 73 123 129 214 125 58 56 101 251 34 203 235 117 21 160 113 198 98  6.00967
43 1 212 180 189 246 168 111 85 187 178 191 167 24 215 119 72 91 129 215 109 50 56 69 251 0 217 227 117 117 160 113 135 99  5.3291
43 1 212 52 189 114 168 110 81 10 178 191 167 24 215 119 73 27 129 85 109 50 56 69 251 2 217 195 117 117 224 97 7 99  5.38106
43 1 212 112 189 246 136 108 85 152 178 182 167 25 215 119 73 91 129 213 109 50 40 69 251 2 209 227 117 61 160 113 6 98  4.99807
44 1 220 52 191 119 170 106 85 16 176 190 167 56 215 119 73 91 39 213 109 50 40 197 171 2 217 227 117 21 160 241 7 115  5.98498
44 1 220 116 189 119 168 110 85 152 178 191 167 25 215 119 75 91 133 215 109 50 40 69 251 2 203 227 117 21 224 241 134 115  5.2442
44 1 252 54 172 181 168 106 93 25 18 191 131 185 215 109 75 91 213 213 125 51 56 69 203 2 201 227 253 149 164 249 150 83  7.1336
44 1 220 52 189 247 168 110 85 152 178 190 167 24 215 119 73 91 149 213 125 50 56 69 251 2 219 227 117 21 160 241 6 115  4.88637
44 1 148 17 188 59 208 4 29 25 50 95 133 17 113 127 26 26 204 217 61 129 186 65 139 1 225 161 100 144 129 128 134 99  9.69855
44 1 212 116 189 117 168 110 85 154 178 254 166 56 215 55 65 123 167 213 125 50 41 69 251 2 219 235 117 20 224 241 134 115  6.11503
44 1 212 116 189 246 168 110 85 152 176 190 167 24 215 119 73 91 133 213 109 34 40 69 251 2 209 227 117 20 160 241 6 115  5.23264
44 1 220 124 189 117 168 111 85 151 178 190 166 24 151 55 65 123 133 245 125 58 104 205 243 42 251 235 117 21 224 240 199 123  7.75264
44 1 244 52 173 101 168 110 21 27 32 254 154 185 211 61 65 27 133 212 125 48 168 69 241 2 209 163 117 148 224 240 214 115  6.9905
44 1 220 92 251 242 182 255 87 154 254 255 167 24 223 247 107 121 183 255 125 58 58 245 185 62 251 239 55 117 226 249 207 122  9.69855
45 1 213 188 189 244 168 110 87 186 178 250 135 24 215 55 65 123 133 213 125 58 57 79 249 8 219 235 101 124 168 97 134 115  6.75411
45 1 213 52 61 165 168 47 93 27 188 190 167 28 215 19 1 91 133 101 125 46 56 69 249 26 225 171 99 52 136 113 131 114  9.69855
45 1 212 52 189 247 136 108 85 152 178 255 167 24 215 119 73 123 129 212 125 58 41 69 251 0 201 235 117 60 128 113 6 114  4.93638
45 1 212 52 189 244 136 110 85 154 176 254 167 24 215 55 73 123 129 213 125 42 41 69 251 2 209 235 117 20 160 113 7 114  4.98902
45 1 220 124 189 117 136 111 85 154 178 250 166 24 215 119 65 59 165 213 125 50 41 69 251 34 217 203 117 52 224 113 7 115  6.29735
45 1 221 52 190 54 137 126 69 152 246 255 167 29 223 247 75 255 49 228 236 122 61 197 251 8 219 227 101 61 234 119 14 114  9.00541
45 1 213 52 189 241 140 102 93 152 50 251 131 88 215 127 89 123 213 213 125 179 57 71 251 2 217 139 255 252 168 113 182 114  6.08763
45 1 212 112 189 118 136 110 85 152 178 182 167 24 215 119 73 123 129 212 125 58 41 69 251 0 217 235 117 52 160 113 6 98  5.39449
45 1 212 48 189 244 168 110 85 154 178 250 166 24 215 55 65 123 129 212 125 24 41 69 251 2 217 235 117 52 160 113 6 115  6.08763
45 1 220 52 189 230 136 110 87 152 178 250 167 24 215 119 73 123 149 213 125 58 57 69 251 2 217 235 101 60 160 115 6 114  5.8484
46 1 245 21 188 188 140 38 95 187 17 30 142 23 82 103 43 91 85 214 44 62 56 71 251 110 249 186 213 20 176 249 196 82  9.69855
46 1 220 20 156 180 136 110 85 26 176 182 167 25 215 55 67 91 129 213 109 34 40 69 219 2 209 227 117 21 160 113 6 98  5.10343
46 1 212 100 157 52 137 108 21 139 187 182 162 25 198 119 65 27 129 85 109 34 104 69 219 2 217 242 85 55 128 113 7 98  7.90679
46 1 208 52 159 244 8 110 85 18 176 190 166 25 215 55 65 91 161 245 109 32 40 197 209 10 217 227 117 16 160 112 6 122  5.91436
46 1 160 52 48 84 0 96 23 158 48 138 164 56 95 127 1 25 19 211 93 34 168 71 201 42 241 198 117 146 200 113 3 19  9.69855
46 1 220 92 188 117 136 110 85 150 182 190 166 25 215 55 67 91 129 246 109 24 40 205 243 40 203 235 117 21 160 241 70 122  6.26457
46 1 244 124 189 180 140 111 85 182 178 254 130 25 215 63 65 27 129 245 125 33 40 69 211 42 217 195 125 52 160 121 22 123  6.5205
46 1 92 5 188 164 172 126 86 139 98 186 142 9 215 124 83 122 147 199 253 37 92 97 203 0 251 239 101 53 224 242 140 66  9.69855
46 1 212 54 140 180 136 46 93 155 50 182 134 157 215 103 67 91 21 213 109 182 40 71 219 2 219 227 253 181 160 240 6 82  5.58768
46 1 212 52 156 180 136 110 85 154 178 190 166 25 215 55 67 91 129 213 109 34 40 69 219 2 217 227 117 53 160 113 6 82  4.85437
47 1 92 36 249 229 162 104 83 154 50 183 174 56 23 55 73 90 51 214 109 24 24 65 169 2 219 167 101 53 160 241 7 99  6.86534
47 1 92 52 152 228 168 110 83 154 50 191 175 24 215 51 73 90 145 213 109 48 24 65 217 2 219 231 117 117 160 241 6 35  5.70957
47 1 116 166 141 169 168 99 89 154 22 183 131 185 215 103 73 91 209 149 109 176 58 71 203 18 217 231 249 245 176 233 4 114  7.05949
47 1 92 52 189 241 184 110 81 154 54 191 175 24 215 119 73 90 145 212 109 56 56 197 249 6 217 231 117 85 160 225 6 98  5.70957
47 1 92 52 191 225 152 110 81 18 50 231 175 24 215 183 65 26 129 245 125 48 24 241 241 2 217 231 113 85 224 97 6 114  6.56306
47 1 92 181 189 101 168 110 85 159 50 191 174 56 215 55 65 90 129 215 109 24 24 88 243 2 221 231 117 53 160 240 134 107  6.29735
47 1 84 52 156 161 136 111 81 155 50 191 175 25 215 55 75 26 145 215 109 48 56 69 217 2 219 199 117 117 160 225 134 66  5.98498
47 1 212 54 253 97 162 106 81 27 50 191 39 56 215 55 72 27 55 157 109 48 56 212 169 2 217 231 117 117 224 225 135 99  6.17219
47 1 116 52 185 225 136 110 81 154 50 191 171 24 215 119 73 26 149 215 109 48 56 67 249 2 217 135 117 116 224 99 134 114  6.17219
47 1 92 52 189 227 136 111 83 152 50 183 167 24 215 119 73 26 51 213 109 58 56 84 249 2 221 199 101 116 160 227 135 114  6.11503
48 1 212 32 189 228 172 110 65 25 163 191 167 24 215 119 72 91 129 196 125 58 24 69 251 0 217 251 97 84 160 225 214 98  6.5205
48 1 220 32 189 229 168 110 81 26 162 191 167 24 215 55 73 91 129 212 125 56 56 69 243 0 219 235 117 84 160 225 70 98  5.36782
48 1 252 56 242 225 199 102 121 82 33 191 183 18 27 31 65 75 237 221 13 176 56 255 145 192 219 233 242 100 227 137 100 179  9.69855
48 1 212 48 253 101 168 110 89 18 38 183 167 24 215 63 65 123 163 213 125 48 56 213 241 0 219 235 117 21 224 225 70 34  6.65403
48 1 244 20 189 227 132 110 81 18 233 183 175 24 215 63 65 91 161 212 121 62 56 245 241 2 211 235 81 84 224 107 70 98  7.61911
48 1 220 36 255 100 170 110 85 19 177 182 166 24 223 55 67 91 35 212 109 40 40 197 177 8 219 235 117 21 162 240 6 98  6.92596
48 1 248 0 220 245 168 110 85 23 160 191 182 24 215 51 3 91 130 180 109 56 56 244 193 0 199 235 112 21 224 248 206 35  7.75264
48 1 220 28 191 249 157 239 83 146 183 255 174 16 223 119 41 255 193 246 125 184 57 237 115 124 203 255 211 82 242 233 100 114  9.00541
48 1 248 48 188 229 40 110 81 27 50 183 167 24 215 23 64 91 193 148 125 40 56 71 241 0 211 235 113 20 160 224 70 98  6.1432
48 1 220 96 255 100 162 106 85 17 160 183 167 25 87 55 72 122 178 149 125 48 56 245 161 2 219 235 96 85 224 176 135 99  8.08911
49 1 84 20 191 244 137 110 17 202 182 183 135 17 214 247 105 75 209 117 105 51 56 197 155 2 217 231 95 21 128 121 37 98  7.1336
49 1 92 100 191 244 147 106 17 206 178 183 167 28 223 247 72 91 51 245 104 48 56 229 187 10 217 227 103 5 226 114 39 98  8.31226
49 1 212 52 189 113 136 111 17 154 182 183 135 17 215 247 75 91 129 85 109 48 58 197 251 16 201 227 127 85 128 97 5 114  6.70282
49 1 212 48 191 245 136 110 17 0 178 183 167 16 215 247 65 91 161 245 105 50 56 197 187 2 217 227 127 21 128 113 39 98  6.47968
49 1 212 52 191 252 136 110 17 138 182 191 131 25 215 255 105 75 209 117 105 50 40 197 155 10 201 227 95 21 128 121 5 114  6.92596
49 1 212 148 58 114 18 235 51 43 54 39 111 57 86 231 42 24 177 191 233 48 48 252 57 22 223 135 17 69 224 65 134 98  9.69855
49 1 84 52 191 116 138 106 49 11 186 183 167 56 215 247 65 27 35 87 105 48 48 197 179 2 217 163 117 21 160 113 135 98  7.50133
49 1 212 52 61 249 136 231 21 75 254 254 167 16 215 183 35 123 225 53 108 50 57 101 225 18 209 227 123 53 144 80 165 99  9.69855
49 1 212 20 191 240 142 102 93 203 182 183 139 19 87 255 105 91 249 215 109 179 56 197 187 2 217 227 255 85 161 113 164 98  7.50133
49 1 212 36 191 96 136 100 27 216 182 191 139 16 213 231 73 74 21 117 105 178 50 69 171 18 217 165 43 125 128 99 39 115  8.59994
50 1 124 20 189 255 40 110 81 24 179 63 167 25 215 119 9 91 193 212 237 34 56 69 251 0 195 243 113 21 178 225 70 114  6.29735
50 1 220 208 191 241 138 78 81 59 176 63 167 57 87 55 72 91 163 149 109 34 56 85 155 23 211 227 113 87 224 1 135 115  8.08911
50 1 212 214 63 60 56 110 81 184 240 95 167 29 87 108 10 91 129 197 109 117 188 229 59 45 219 227 113 85 224 33 70 83  8.08911
50 1 212 20 189 244 8 110 81 24 176 190 167 25 215 119 9 91 129 213 109 34 40 69 251 0 209 227 113 21 160 97 6 114  5.39449
50 1 252 52 62 225 32 111 89 91 53 183 183 25 215 31 9 27 191 157 77 162 56 215 209 10 211 227 243 21 160 225 38 114  7.39597
50 1 220 6 173 181 136 110 89 57 180 190 167 145 215 103 9 91 85 212 109 178 56 197 107 8 217 227 251 148 160 225 4 114  6.9905
50 1 240 84 59 224 164 108 87 87 49 14 190 51 18 31 0 80 232 151 77 34 56 167 177 194 243 189 178 145 97 89 246 107  9.69855
50 1 220 20 189 117 8 110 81 18 176 190 167 24 215 55 1 91 129 212 109 34 40 197 243 2 193 227 113 21 160 97 6 98  5.69122
50 1 220 20 191 244 137 110 85 51 176 150 167 16 95 119 9 91 225 245 237 162 56 197 179 10 211 227 113 21 160 225 38 98  6.36635
50 1 220 52 189 119 137 110 85 24 180 254 167 29 215 119 75 91 49 212 109 34 56 197 251 2 211 227 101 21 224 113 6 114  6.26457
32 0 212 36 156 119 138 106 85 139 178 183 167 24 215 115 73 91 51 215 108 50 56 197 139 2 217 227 117 85 224 113 135 34  0
32 0 212 36 157 119 136 110 69 139 178 179 163 24 215 115 73 91 129 214 104 58 56 69 219 34 217 163 85 20 160 113 134 34  0
32 0 212 44 157 117 136 110 65 2 178 179 162 24 215 51 65 91 129 246 108 16 56 197 211 2 217 227 117 21 160 97 7 34  0
32 0 212 36 157 246 137 110 85 138 178 183 163 24 215 115 73 91 129 215 108 50 56 69 219 34 217 227 85 21 160 113 135 34  0
32 0 212 164 157 246 136 108 85 143 178 179 163 24 215 243 73 91 129 215 108 18 56 71 219 34 217 227 85 125 160 113 135 34  0
32 0 220 164 156 243 137 111 85 136 182 183 167 24 215 115 73 91 129 215 104 50 58 69 219 48 217 195 85 125 128 113 135 34  0
32 0 212 4 158 247 141 110 101 143 183 179 231 18 211 243 73 91 105 214 105 154 56 213 219 96 217 163 215 5 160 113 228 34  0
32 0 212 36 159 116 146 110 81 75 50 183 171 24 87 115 72 91 177 215 104 48 56 213 153 2 217 231 85 85 160 97 166 34  0
32 0 212 36 156 182 136 108 85 139 178 183 163 25 215 115 73 91 129 215 109 18 56 69 219 2 217 227 117 61 160 113 134 2  0
32 0 212 4 159 246 137 110 85 11 176 146 163 24 215 243 9 91 225 247 104 34 56 199 155 2 209 227 87 29 160 113 167 34  0
151 1 84 36 255 119 138 106 87 143 178 183 171 56 215 119 73 90 51 215 108 50 56 65 139 34 217 231 117 21 224 115 135 34  5.70957
151 1 212 44 158 55 138 106 39 175 178 183 163 24 215 115 73 91 51 215 108 50 56 197 203 42 249 163 117 85 224 113 135 34  5.91436
151 1 212 246 156 99 138 47 21 153 162 183 167 25 71 103 72 27 55 213 232 50 58 69 153 16 219 195 85 117 224 243 135 34  7.39597
151 1 212 36 212 117 138 42 101 139 187 183 163 24 207 115 77 95 35 215 108 50 56 213 201 66 157 242 87 86 160 225 135 32  6.92596
151 1 92 38 156 55 138 42 117 139 50 183 171 153 199 99 75 91 51 199 236 50 56 85 203 2 220 231 117 21 160 241 143 2  6.36635
151 1 212 164 156 119 138 106 85 171 178 183 167 24 215 115 72 91 35 215 108 16 56 205 139 2 217 227 117 85 160 96 135 34  6.23282
151 1 220 36 156 119 168 106 85 139 178 183 167 24 215 99 73 91 35 215 108 50 56 197 203 2 217 227 117 21 224 241 135 34  5.69122
151 1 220 52 158 119 139 106 53 139 186 183 167 24 223 243 73 91 163 215 232 50 48 197 155 2 217 227 117 85 224 113 135 34  6.17219
151 1 212 53 189 114 138 107 23 169 170 183 175 24 215 119 73 59 163 87 236 50 56 65 187 32 217 195 69 87 224 99 135 98  6.92596
151 1 220 36 214 118 139 106 87 136 179 147 175 48 95 119 73 255 51 215 232 178 56 197 187 98 219 246 85 87 162 243 166 34  6.92596
152 1 212 36 157 119 136 110 69 139 178 179 163 24 215 115 73 91 129 214 104 58 56 69 219 34 201 163 85 20 128 113 135 34  4.46211
152 1 212 36 157 55 136 106 69 138 178 183 163 24 215 99 73 91 17 214 104 58 56 69 219 34 217 162 85 20 160 241 134 32  5.74731
152 1 212 36 157 117 136 110 69 11 178 179 163 24 215 51 73 91 1 214 104 56 56 69 219 0 217 163 85 20 160 112 134 34  5.45006
152 1 84 44 159 118 136 110 71 136 182 179 163 24 214 243 73 123 129 118 104 90 43 69 219 34 217 162 85 28 128 115 7 34  6.80818
152 1 84 164 149 119 136 106 71 175 178 179 171 24 215 115 73 91 33 214 104 58 56 65 219 34 249 166 85 52 224 113 135 34  5.63811
152 1 84 132 157 247 136 110 71 137 182 179 163 24 215 115 73 91 209 215 104 50 56 195 219 32 217 162 87 84 128 115 164 34  6.65403
152 1 212 36 157 119 136 110 69 155 178 179 163 24 215 115 73 91 1 214 108 58 56 69 219 34 217 227 117 20 160 113 134 34  5.36782
152 1 212 36 157 118 136 110 71 137 50 179 171 24 215 115 73 91 145 214 108 58 57 69 219 2 217 231 101 124 160 115 134 34  5.96088
152 1 220 44 156 54 137 110 71 143 178 179 139 24 215 243 73 91 129 230 104 58 56 69 219 34 249 163 85 61 160 113 134 34  6.11503
152 1 220 36 149 247 137 110 69 139 179 183 167 24 206 115 73 223 1 214 104 58 56 69 251 34 217 243 85 20 162 113 134 34  6.08763
153 1 92 172 151 117 145 106 67 130 178 183 170 24 247 115 64 90 1 246 104 24 40 205 209 42 233 231 85 17 226 113 70 34  7.05949
153 1 212 36 157 53 136 110 69 15 178 187 162 24 215 51 65 91 129 246 108 16 56 77 211 2 217 227 117 21 160 112 134 42  6.29735
153 1 208 32 157 117 8 110 65 26 54 179 162 24 215 51 65 91 129 149 108 16 40 69 211 2 201 227 113 20 160 96 7 34  6.29735
153 1 92 173 151 117 153 106 65 163 161 181 174 24 255 99 1 27 1 246 104 56 56 201 217 44 233 242 69 81 162 225 6 34  7.61911
153 1 212 44 159 116 136 108 65 2 178 179 163 24 215 179 65 90 129 246 108 24 56 197 211 34 217 166 117 16 160 97 7 34  6.80818
153 1 244 60 157 244 185 235 81 131 187 191 162 57 214 55 65 95 129 247 108 16 57 223 251 30 217 178 117 87 160 105 134 35  9.00541
153 1 80 46 158 119 8 234 64 130 182 159 170 104 247 243 65 91 161 247 108 16 40 201 139 40 217 163 119 17 224 97 39 11  7.90679
153 1 220 32 157 117 137 110 81 10 162 179 163 24 215 51 65 91 129 212 108 16 56 69 211 0 217 227 113 85 160 97 7 34  5.82735
153 1 212 44 159 245 136 110 81 130 178 179 162 24 215 51 65 91 129 247 108 16 56 205 211 34 217 227 117 21 160 113 7 34  6.20204
153 1 212 36 159 244 136 110 65 42 182 178 162 24 215 115 1 91 129 246 108 32 40 197 195 14 217 163 117 20 224 96 7 34  6.86534
154 1 220 100 148 182 137 110 84 170 187 183 163 24 207 115 73 91 161 215 236 34 56 69 219 34 153 243 85 23 160 113 135 2  5.45006
154 1 212 166 148 126 139 42 69 168 183 183 167 56 199 99 73 223 17 214 236 50 40 69 235 43 153 246 85 63 162 113 6 32  7.21365
154 1 220 36 157 246 137 110 85 139 179 183 163 24 215 119 73 91 129 215 109 34 56 69 219 2 217 243 85 21 160 113 135 34  4.87827
154 1 220 44 157 244 137 110 85 175 178 183 166 24 215 55 73 123 129 215 108 0 56 69 251 34 217 227 85 21 160 113 135 34  6.06097
154 1 220 28 157 62 137 126 86 154 115 242 238 24 119 51 1 123 145 214 232 2 44 221 249 42 219 231 85 21 162 241 70 10  9.69855
154 1 212 36 157 119 137 108 21 138 186 183 163 24 214 115 73 91 129 87 104 18 56 69 219 34 201 243 85 23 128 113 135 34  5.11358
154 1 212 100 157 246 136 110 85 170 178 183 163 24 215 115 73 91 129 215 108 50 56 69 219 34 217 227 117 21 160 113 135 34  4.73571
154 1 220 4 156 246 137 110 87 136 178 178 163 24 215 115 73 91 145 213 108 114 40 69 219 34 217 227 69 21 160 115 7 34  5.80673
154 1 220 52 61 246 141 110 85 184 248 242 167 24 223 127 73 59 177 215 121 50 57 103 219 34 219 203 87 84 232 113 231 50  7.39597
154 1 220 101 159 226 137 110 94 133 49 179 131 24 223 115 73 219 227 215 125 178 120 197 217 34 251 243 223 85 160 115 167 2  7.61911
155 1 212 104 157 246 138 108 85 142 178 178 162 24 215 243 65 91 161 247 108 2 104 71 139 34 217 163 117 60 160 113 135 42  6.65403
155 1 212 164 157 246 136 108 85 143 186 179 163 24 214 243 73 91 129 215 104 18 58 71 219 34 217 179 85 125 128 113 135 34  5.26774
155 1 84 164 157 182 136 40 70 136 162 179 171 24 215 243 73 91 129 215 108 18 24 67 203 34 216 231 117 124 160 115 131 2  6.44046
155 1 84 164 157 246 136 108 85 139 162 179 171 24 215 243 73 90 129 215 109 18 24 65 219 32 217 231 85 125 160 115 135 34  5.60421
155 1 212 237 155 178 129 108 70 199 48 59 163 24 151 51 73 91 233 215 77 210 122 79 217 34 249 225 222 85 128 81 231 42  7.61911
155 1 212 164 157 182 136 108 85 143 182 183 163 25 215 247 73 91 129 215 109 18 58 69 219 34 217 227 117 125 160 113 135 34  5.8484
155 1 220 173 159 52 137 110 69 143 178 187 170 24 215 243 73 91 33 198 104 56 56 75 219 2 249 167 85 125 128 112 131 34  7.05949
155 1 124 101 156 246 170 108 87 143 178 179 169 41 247 243 73 26 179 215 125 50 56 67 219 34 249 231 125 63 224 115 143 10  7.61911
155 1 212 164 157 246 136 108 85 143 178 179 163 24 215 243 72 91 129 215 108 16 56 69 219 2 217 227 117 125 160 112 135 34  5.18769
155 1 212 172 157 118 136 108 85 175 178 183 163 24 215 243 73 27 129 215 104 18 58 79 219 35 249 227 85 125 160 113 135 34  6.23282
156 1 85 244 189 51 136 127 85 136 170 247 139 13 215 125 91 27 145 199 105 127 30 101 251 48 203 199 85 125 192 123 151 114  8.59994
156 1 220 180 156 114 137 111 21 137 170 183 167 25 215 243 73 27 129 87 232 50 58 69 219 16 217 195 85 127 192 115 135 2  5.5089
156 1 212 164 156 243 136 111 85 136 182 183 167 24 215 115 73 91 129 215 104 50 58 69 219 50 201 195 85 125 128 113 135 34  5.34184
156 1 220 164 156 243 139 105 117 200 182 183 163 24 215 243 73 27 169 215 107 19 58 71 219 48 221 195 87 125 224 123 135 34  7.50133
156 1 220 36 158 243 141 110 125 25 183 179 167 16 223 243 72 91 161 199 104 58 56 213 155 128 219 219 87 85 130 97 161 34  7.39597
156 1 92 225 156 243 137 79 85 140 230 191 167 24 215 115 72 91 193 215 108 114 122 99 251 48 249 195 119 125 128 113 167 2  6.70282
156 1 252 180 157 186 184 111 84 234 150 63 137 25 215 115 9 91 209 211 109 51 62 71 91 63 249 195 127 125 144 121 135 2  7.90679
156 1 220 224 157 250 137 109 81 136 182 183 163 24 215 243 73 91 129 213 104 50 58 69 219 48 217 227 87 125 144 113 7 34  6.47968
156 1 220 133 60 243 141 79 85 57 199 183 167 25 215 117 107 107 169 214 108 114 120 101 251 20 217 195 101 117 112 107 197 98  9.69855
156 1 196 164 132 83 200 107 39 136 182 183 131 152 193 99 201 91 17 214 104 186 50 85 207 112 92 130 213 125 160 115 149 32  8.59994
157 1 212 12 191 247 141 102 101 139 246 183 167 16 211 243 73 123 225 214 104 154 56 197 187 34 217 227 215 21 160 113 228 98  6.60751
157 1 180 4 158 253 141 102 117 75 180 191 255 50 214 179 40 75 201 214 174 184 56 245 195 130 201 179 247 71 144 105 244 162  8.08911
157 1 124 4 158 241 137 110 68 7 55 179 231 24 67 51 64 95 65 246 108 154 56 210 219 0 211 243 213 21 162 241 238 34  6.70282
157 1 212 165 222 245 132 174 101 11 230 178 234 16 243 243 88 91 121 238 105 152 10 208 219 65 221 169 199 5 160 96 244 34  6.92596
157 1 220 132 220 247 128 106 101 143 55 183 231 18 91 35 73 91 113 214 109 146 56 212 217 162 223 227 215 69 162 225 228 34  6.33126
157 1 228 20 159 219 200 100 97 137 190 211 227 16 214 247 73 123 249 215 106 146 57 195 251 98 157 166 215 76 128 113 167 162  7.75264
157 1 86 20 158 211 143 98 2 72 23 147 199 50 80 115 233 75 121 212 174 178 57 199 27 224 155 166 255 71 169 123 52 34  8.59994
157 1 212 101 151 243 133 108 101 199 165 19 226 18 151 179 64 95 233 207 109 202 88 245 211 224 177 184 214 0 160 81 228 34  6.60751
157 1 212 4 159 247 141 102 101 203 182 179 135 18 215 243 73 123 113 214 121 186 56 213 155 96 217 163 215 69 160 113 165 34  6.47968
157 1 84 149 254 87 199 122 181 239 252 183 111 50 86 189 111 111 115 86 179 50 48 241 185 224 127 171 87 7 229 121 245 162  8.59994
158 1 84 20 159 180 139 110 81 203 182 183 139 25 87 247 73 91 241 215 105 48 56 193 155 2 217 231 93 87 160 97 164 98  6.33126
158 1 244 36 155 242 160 110 86 199 49 35 235 25 87 55 9 89 249 215 77 50 56 247 217 34 249 231 84 80 224 81 230 34  7.75264
158 1 80 36 159 117 144 110 81 43 48 183 171 25 87 55 72 27 177 215 108 32 56 223 145 10 217 231 85 85 224 96 134 34  6.65403
158 1 220 36 159 239 151 98 71 15 53 135 203 18 95 115 40 221 121 223 61 178 56 215 217 134 219 231 222 87 163 115 244 34  8.59994
158 1 220 36 159 241 131 110 113 27 54 183 167 24 215 115 72 91 177 151 104 56 56 213 153 2 217 231 85 85 160 97 166 34  6.65403
158 1 20 84 159 243 146 111 51 202 63 115 227 24 86 118 40 89 177 223 72 50 57 247 25 54 153 166 83 86 128 81 39 50  7.75264
158 1 220 116 151 102 131 110 54 202 179 183 171 24 78 243 73 219 179 215 232 50 56 213 153 10 249 231 85 23 224 115 167 34  7.30066
158 1 84 36 155 100 146 106 81 11 50 163 171 24 215 243 72 90 177 215 104 48 56 209 153 2 217 167 53 116 160 96 135 34  6.40272
158 1 212 166 222 119 211 106 111 235 51 183 227 153 71 99 72 27 51 223 233 176 56 215 137 78 217 230 69 69 161 225 166 34  6.92596
158 1 220 38 159 30 219 122 3 75 50 183 99 28 67 226 74 155 49 222 232 16 56 245 171 34 152 167 85 69 224 97 142 64  8.31226
159 1 212 36 157 182 136 108 85 139 186 183 131 25 215 247 73 91 129 215 105 16 56 69 219 2 217 227 125 61 128 113 135 34  5.98498
159 1 220 38 156 53 136 42 84 139 178 183 163 153 199 99 75 91 129 199 237 18 60 69 203 2 216 227 117 61 160 113 142 2  5.62101
159 1 212 36 156 180 136 106 85 171 162 182 162 25 215 51 73 91 129 215 108 34 56 71 203 0 217 227 117 53 160 112 134 2  5.63811
159 1 212 36 156 183 136 108 85 139 178 183 167 25 215 115 75 91 129 215 109 50 60 69 219 2 219 227 117 117 160 97 142 66  5.96088
159 1 212 36 156 182 136 108 85 139 178 183 163 25 215 115 73 91 129 215 109 18 56 69 219 2 217 227 85 61 160 113 134 2  5.36782
159 1 212 96 156 182 8 108 81 10 162 183 163 25 215 243 73 91 129 213 108 2 40 69 219 0 209 227 113 61 160 113 7 2  6.33126
159 1 196 108 158 178 168 237 82 138 182 191 171 57 215 243 65 91 193 255 110 18 58 71 203 50 221 215 117 61 192 121 7 3  8.59994
159 1 84 32 156 182 136 108 85 139 162 183 171 25 215 243 73 90 129 215 109 18 24 65 219 0 217 231 117 61 160 115 135 2  5.6555
159 1 244 164 156 182 136 111 87 139 178 183 169 25 215 115 73 27 145 215 109 50 56 71 219 34 249 199 117 125 160 113 134 2  6.40272
159 1 212 108 156 54 136 104 85 142 178 183 163 57 215 115 73 91 129 215 109 18 56 69 203 34 217 227 117 61 160 113 135 2  6.20204
160 1 212 36 159 244 137 110 69 75 186 179 163 24 214 243 73 123 241 247 120 50 57 199 155 66 153 242 95 28 128 113 39 34  6.70282
160 1 244 20 159 254 137 102 85 11 177 147 163 24 87 119 41 91 193 215 108 32 56 199 211 2 209 243 87 31 160 113 164 34  6.36635
160 1 212 4 159 244 137 110 85 11 176 178 163 24 215 243 73 91 161 245 104 34 56 69 155 2 209 227 87 29 160 113 167 34  6.06097
160 1 124 12 159 246 137 126 84 2 177 146 167 24 87 115 9 255 97 246 236 42 57 199 219 34 211 227 84 17 162 113 44 34  7.61911
160 1 212 68 159 246 138 106 85 47 176 150 167 24 119 119 9 91 161 247 104 34 104 197 155 42 209 227 85 17 224 113 167 34  6.47968
160 1 220 4 150 246 137 110 82 2 181 163 171 16 206 115 9 94 241 213 232 34 56 197 217 130 209 246 83 23 162 113 37 2  7.61911
160 1 92 4 159 246 137 110 87 2 160 130 235 8 247 243 65 90 241 247 105 146 8 195 211 42 209 231 71 25 160 115 38 34  6.9905
160 1 220 76 150 182 137 110 86 168 181 178 131 24 79 115 41 91 225 247 236 98 120 197 11 42 241 227 69 23 162 121 172 2  7.50133
160 1 212 148 159 126 139 108 17 107 240 19 227 16 119 243 8 123 177 215 104 162 58 103 155 103 209 235 83 15 224 97 167 34  7.39597
160 1 212 52 27 254 8 236 23 107 176 130 163 24 247 243 41 89 241 179 104 34 56 71 154 31 241 163 67 25 16 113 167 34  7.05949
33 0 220 140 158 247 144 106 87 175 52 183 167 16 215 115 8 91 113 214 109 34 56 205 137 46 249 231 117 85 160 240 164 34  0
33 0 212 156 157 247 136 110 85 191 180 190 134 17 215 119 9 91 129 215 109 34 120 205 219 46 233 227 119 21 160 112 133 42  0
33 0 212 204 61 191 136 79 85 189 180 62 135 17 247 119 8 91 193 215 109 98 120 197 91 63 225 227 127 21 48 113 132 98  0
33 0 216 165 159 117 154 107 85 175 54 183 174 56 87 55 8 83 49 214 236 160 120 221 233 14 249 231 117 21 160 112 134 106  0
33 0 208 156 157 247 184 110 85 191 54 191 174 24 247 119 8 83 145 215 109 32 56 205 219 63 249 231 117 85 160 96 134 43  0
33 0 212 140 157 247 136 110 69 191 182 179 162 24 247 115 8 91 1 214 108 42 120 205 219 47 233 227 117 20 160 112 132 42  0
33 0 208 149 29 254 136 78 85 191 180 62 162 24 247 119 8 83 129 214 109 34 120 77 219 29 249 227 117 20 32 112 132 42  0
33 0 208 220 157 246 168 78 85 191 176 190 166 24 247 119 1 91 129 247 109 34 104 77 219 43 241 227 117 17 32 112 135 42  0
33 0 208 12 159 245 136 110 85 167 180 182 162 16 247 55 1 91 225 247 109 32 120 205 211 46 249 227 119 17 160 112 164 42  0
33 0 220 140 156 247 136 110 85 191 182 182 166 25 215 119 3 91 129 214 109 42 120 205 219 46 235 227 117 21 160 241 132 106  0
261 1 124 172 222 247 178 234 87 183 180 143 231 48 119 247 40 81 51 254 109 32 56 223 129 63 251 231 116 17 160 225 166 43  8.59994
261 1 126 141 204 255 197 126 95 191 23 63 95 26 91 127 57 205 241 222 183 170 120 248 91 179 255 247 215 149 182 253 188 34  9.69855
261 1 92 140 156 255 153 42 71 174 55 51 135 16 215 35 8 89 113 214 109 42 56 201 201 38 251 231 84 85 178 240 164 42  7.1336
261 1 220 132 158 247 152 106 87 175 180 183 167 16 215 115 8 91 113 214 109 34 56 205 137 46 249 227 119 85 160 112 164 34  5.57142
261 1 244 156 220 247 208 106 95 187 51 183 230 27 87 119 8 81 121 215 237 178 120 220 89 46 251 231 245 85 165 241 230 98  7.61911
261 1 220 132 156 247 129 106 69 171 52 55 167 16 95 115 8 91 33 214 232 170 56 213 41 37 251 227 85 85 162 224 172 34  7.05949
261 1 220 134 20 113 147 106 101 191 54 23 239 144 207 99 10 213 115 6 236 40 58 204 27 31 234 231 85 85 162 128 173 32  8.08911
261 1 220 149 149 183 165 110 85 191 53 187 135 16 223 119 8 91 243 215 125 162 56 201 217 238 249 247 119 84 162 224 164 35  7.50133
261 1 156 140 62 251 144 239 87 250 54 23 238 16 119 115 43 89 243 211 77 58 58 197 25 63 251 239 117 85 176 241 164 34  7.30066
261 1 84 140 158 247 152 106 87 175 54 183 162 17 247 99 8 91 51 247 109 34 56 217 137 46 249 231 117 21 160 240 134 42  6.11503
262 1 212 188 189 247 168 110 87 191 182 190 130 25 247 119 9 91 129 87 125 34 120 205 219 46 233 227 117 20 160 112 135 123  5.91436
262 1 220 156 157 245 168 110 85 191 180 186 134 24 215 119 9 91 129 215 109 42 120 205 219 46 233 227 119 20 160 112 133 43  5.58768
262 1 212 156 159 183 138 110 21 175 180 182 162 17 247 119 9 91 161 119 105 34 120 237 155 46 233 163 119 20 224 113 165 34  6.75411
262 1 212 220 157 247 136 110 85 191 180 183 134 17 247 119 9 91 129 87 109 34 120 205 219 45 233 227 119 21 160 113 133 106  5.29183
262 1 212 204 158 183 140 110 87 175 182 182 134 17 215 127 11 91 225 215 109 35 120 205 219 46 249 231 127 21 160 121 141 66  6.40272
262 1 220 132 156 181 136 46 85 191 180 190 134 25 215 115 9 91 129 215 109 34 120 197 203 14 233 227 127 21 160 112 133 10  6.17219
262 1 212 220 159 247 170 106 85 191 180 190 166 48 215 119 9 91 163 247 109 34 120 205 139 46 233 227 117 21 160 113 133 43  6.08763
262 1 212 212 189 245 136 110 85 191 164 190 166 16 215 55 8 91 129 215 125 34 120 197 123 12 241 227 119 21 32 112 133 114  6.26457
262 1 148 254 119 83 152 143 45 247 188 182 167 149 207 103 12 31 39 245 105 186 112 221 59 94 233 130 87 84 67 176 167 178  9.00541
262 1 172 157 221 251 232 98 31 191 150 187 186 176 213 115 137 91 79 215 254 242 121 72 75 50 108 227 247 213 186 240 132 179  9.69855
263 1 212 196 61 255 136 110 85 175 180 54 167 16 247 119 8 91 193 215 109 34 120 197 123 63 225 227 117 21 48 113 132 98  5.98498
263 1 220 109 62 126 138 135 30 165 180 178 195 24 247 125 1 107 133 119 121 99 120 221 91 62 225 227 93 16 32 241 162 2  8.59994
263 1 220 220 61 255 170 75 87 188 180 62 182 57 247 119 9 91 131 87 109 98 104 101 75 63 225 227 117 21 48 121 133 43  6.80818
263 1 208 133 45 251 140 75 93 185 132 62 135 17 215 55 8 75 64 151 125 226 120 77 75 29 225 227 250 213 48 8 148 98  7.1336
263 1 212 149 60 191 136 78 85 185 164 54 135 17 215 119 10 91 129 213 109 99 120 69 91 29 225 227 111 85 48 32 133 98  6.11503
263 1 212 196 173 191 136 102 93 191 180 54 135 17 247 103 8 91 197 215 125 162 120 69 219 63 225 227 255 21 48 240 132 114  5.98498
263 1 28 148 4 189 141 38 93 59 21 22 95 19 95 119 40 79 93 146 191 170 120 84 91 148 195 227 223 5 182 236 180 34  9.69855
263 1 84 4 30 191 8 111 85 43 180 182 134 1 247 119 9 91 209 247 109 34 104 193 91 29 209 227 251 21 48 121 36 18  7.50133
263 1 212 220 28 191 136 79 87 188 180 62 135 17 215 119 10 91 193 215 109 98 104 197 91 63 241 227 127 21 48 113 133 66  5.93735
263 1 212 204 191 191 140 111 87 172 182 182 131 19 247 119 9 75 241 215 109 227 120 197 91 47 249 227 255 21 160 123 180 98  6.65403
264 1 216 166 221 113 154 107 37 175 54 55 238 184 87 39 8 25 49 215 236 160 56 220 233 87 253 135 117 85 160 64 135 98  6.86534
264 1 144 143 220 87 154 43 53 39 248 182 171 18 71 33 4 3 35 215 104 34 112 253 9 78 249 130 117 21 97 96 167 2  9.69855